<CustomNonbondedForce energy="A * exp(-b*r); A=Atable(type1, type2); b=btable(type1, type2)" bondCutoff="3">
    <Function name="A" type="Discrete2d" xsize="7" ysize="7">
    <!--           H2O      Li      Na       F      Cl      Br       I -->
    <!--H20-->       0   32318 47827.7 35920.3 50180.4 37682.2   22210
    <!-- Li-->   32318 26110.8       0 18959.5 27202.5   27815 36470.8
    <!-- Na--> 47827.7       0  134244 37835.8 26832.4 26310.6 31172.4
    <!--  F--> 35920.3 31172.4 37835.8 1687.14       0       0       0 
    <!-- Cl--> 50180.4 27202.5 26832.4       0 3246.54       0       0
    <!-- Br--> 37682.2   27815 26310.6       0       0 3674.06       0
    <!--  I-->   22210 36470.8 31172.4       0       0       0 6672.41
    </Function>
    <Function name="b" type="Discrete2d" xsize="7" ysize="7">
    <!--           H2O      Li      Na       F      Cl      Br       I -->
    <!--H20-->       0 4.02327 3.76951 3.58619 3.27542 3.05825 2.72314
    <!-- Li--> 4.02327 6.63418       0 3.33069 2.97021 2.76135 2.70532
    <!-- Na--> 3.76951       0 5.17793 3.52363 2.69336  2.5252  2.4457
    <!--  F--> 3.58619 3.33069 3.52363 3.52363       0       0       0
    <!-- Cl--> 3.27542 2.97021 2.69336       0 1.86699       0       0
    <!-- Br--> 3.05825 2.76135  2.5252       0       0 1.79922       0
    <!--  I--> 2.72314 2.70532  2.4457       0       0       0 1.79453
    </Function>
    <AtomTypes>
        <Type name="MBPol-O" class="O" element="O" mass="15.99943"/>
        <Type name="MBPol-H" class="H" element="H" mass="1.007947"/>
        <Type name="MBPol-M" class="M" mass="0"/>
        <Type name="MBPol-Li" class="Li" element="Li" mass="6.941"/>
        <Type name="MBPol-Na" class="Na" element="Na" mass="22.989769"/>
        <Type name="MBPol-F" class="F" element="F" mass="18.998403"/>
        <Type name="MBPol-Cl" class="CL" element="Cl" mass="35.453200"/>
        <Type name="MBPol-Br" class="Br" element="Br" mass="79.904"/>
        <Type name="MBPol-I" class="I" element="I" mass="126.90447"/>
    </AtomTypes>
    <Residues>
        <Residue name="HOH">
            <Atom name="O" type="MBPol-O" />
            <Atom name="H1" type="MBPol-H" />
            <Atom name="H2" type="MBPol-H" />
            <Atom name="M" type="MBPol-M" />
            <VirtualSite type="average3" index="3" atom1="0" atom2="1" atom3="2" weight1="0.573293118" weight2="0.213353441" weight3="0.213353441" />
            <Bond from="0" to="1" />
            <Bond from="0" to="2" />
        </Residue>
        <Residue name="Li">
            <Atom name="Li" type="MBPol-Li" />
        </Residue>
        <Residue name="Na">
            <Atom name="Na" type="MBPol-Na" />
        </Residue>
        <Residue name="F">
            <Atom name="F" type="MBPol-F" />
        </Residue>
        <Residue name="CL">
            <Atom name="Cl" type="MBPol-Cl" />
        </Residue>
        <Residue name="Br">
            <Atom name="Br" type="MBPol-Br" />
        </Residue>
        <Residue name="I">
            <Atom name="I" type="MBPol-I" />
        </Residue>
    </Residues>
</CustomNonbondedForce>
